10 1 0
10 1 8388608
10 1 16777216
10 1 25165824
10 1 33554432
10 1 41943040
10 1 50331648
10 1 58720256
10 1 67108864
10 1 75497472
10 1 83886080
10 1 92274688
10 1 100663296
10 1 109051904
10 1 117440512
10 1 125829120
10 1 134217728
10 1 142606336
10 1 150994944
10 1 159383552
10 1 167772160
10 1 176160768
10 1 184549376
10 1 192937984
10 1 201326592
10 1 209715200
10 1 218103808
10 1 226492416
10 1 234881024
10 1 243269632
10 1 251658240
10 1 260046848
10 1 268435456
10 1 276824064
10 1 285212672
10 1 293601280
10 1 301989888
10 1 310378496
10 1 318767104
10 1 327155712
10 1 335544320
10 1 343932928
10 1 352321536
10 1 360710144
10 1 369098752
10 1 377487360
10 1 385875968
10 1 394264576
10 1 402653184
10 1 411041792
10 1 419430400
10 1 427819008
10 1 436207616
10 1 444596224
10 1 452984832
10 1 461373440
10 1 469762048
10 1 478150656
10 1 486539264
10 1 494927872
10 1 503316480
10 1 511705088
10 1 520093696
10 1 528482304
10 1 536870912
10 1 0
10 1 8388608
10 1 16777216
10 1 25165824
10 1 33554432
10 1 41943040
10 1 50331648
10 1 58720256
10 1 67108864
10 1 75497472
10 1 83886080
10 1 92274688
10 1 100663296
10 1 109051904
10 1 117440512
10 1 125829120
10 1 134217728
10 1 142606336
10 1 150994944
10 1 159383552
10 1 167772160
10 1 176160768
10 1 184549376
10 1 192937984
10 1 201326592
10 1 209715200
10 1 218103808
10 1 226492416
10 1 234881024
10 1 243269632
10 1 251658240
10 1 260046848
10 1 268435456
10 1 276824064
10 1 285212672
10 1 293601280
10 1 301989888
10 1 310378496
10 1 318767104
10 1 327155712
10 1 335544320
10 1 343932928
10 1 352321536
10 1 360710144
10 1 369098752
10 1 377487360
10 1 385875968
10 1 394264576
10 1 402653184
10 1 411041792
10 1 419430400
10 1 427819008
10 1 436207616
10 1 444596224
10 1 452984832
10 1 461373440
10 1 469762048
10 1 478150656
10 1 486539264
10 1 494927872
10 1 503316480
10 1 511705088
10 1 520093696
10 1 528482304
10 1 536870912
